copyAU soft preference learned final outputs
old_training_samples 1500
new_training_samples 0
closed_loop_steps 1200
weights [1 0.83527 0.697676 0.582748 0.486752 0.40657 0.339596 0.283654 0.236928 0.197899 0.165299 0.138069 0.115325 0.0963276 0.0804596 0.0672055 0.0561348 0.0468877 0.0391639 0.0327124 0.0273237 0.0228227 0.0190631 0.0159229 0.0132999 0.011109 0.00927901 0.00775048 0.00647375 0.00540733]
preference_strength 0.78000000
selected_mu 0.100000000000
ntr_mode paper_trace_normalize_by_mean_trace
ntr_epsilon 1.000000000000e-05
ntr_formula A/max(abs(trace(A))/d,10e-6)
direction_contribution [0.73267179 0.75691779 0.12448521 0.10406797 0.045981719 0.016860411 0.018729709 0.060869022 0.023164005 0.0050470857 0.0080232875 0.012261321 0.0075857581 0.017912181 0.011635702 0.0052816062 0.017521257 0.0031741688 0.00010919411 0.0054066016 0.0013519513 0.0012260492 0.0077740744 0.00049948621 0.0043979142 1.0873428e-05 0.0003750208 0.0011255796 0.0035096286 0.0020236233]
preference_capture 0.261503264934
MAE [1.030538162 1.266440582]
RMSE [1.195736787 1.341698566]
Bias [-1.030538162 -1.266440582]
QP_success 1.000000000000
fallback 0
max_qp -1.767152210355e+00
